0 0.809069 0.142601 0.102625 0.106205
0 0.804893 0.414081 0.099045 0.102625
0 0.862768 0.615752 0.097852 0.100239
0 0.750597 0.615752 0.093079 0.100239
0 0.386038 0.152148 0.108592 0.113365
0 0.201074 0.147971 0.113365 0.114558
0 0.460024 0.384845 0.113365 0.118138
0 0.313842 0.386038 0.112172 0.113365
0 0.163484 0.383055 0.114558 0.121718
0 0.384248 0.626492 0.133652 0.138425
0 0.573389 0.625895 0.134845 0.139618
0 0.608592 0.860979 0.114558 0.122912
0 0.460024 0.860979 0.110979 0.115752
0 0.312053 0.865155 0.118138 0.116945
0 0.161098 0.865752 0.114558 0.118138